N,0,55,31,35
N,1,64,19,19
N,2,97,43,45
N,3,55,37,11
N,4,31,49,41
N,5,76,49,23
N,6,34,25,35
N,7,82,16,17
N,8,97,25,13
N,9,7,40,39
N,10,52,19,31
N,11,97,46,7
N,12,31,49,25
N,13,43,10,39
N,14,82,16,23
N,15,28,28,41
N,16,7,4,23
N,17,91,37,13
N,18,94,7,37
N,19,4,40,15
N,20,10,37,1
N,21,76,16,39
N,22,91,25,31
N,23,79,28,27
N,24,70,37,49
N,25,55,37,13
N,26,85,25,3
N,27,19,4,1
N,28,16,46,15
N,29,58,10,31
N,30,88,16,27
N,31,10,40,29
N,32,58,46,9
N,33,37,37,3
N,34,64,22,1
N,35,16,49,43
N,36,55,40,39
N,37,43,16,15
N,38,97,49,1
N,39,52,34,47
N,40,82,22,15
N,41,46,22,15
N,42,64,13,35
N,43,28,7,39
N,44,7,25,49
N,45,28,43,7
N,46,25,22,25
N,47,43,43,39
N,48,16,43,9
N,49,88,19,7
N,50,97,13,33
N,51,43,4,17
N,52,73,10,33
N,53,52,28,3
N,54,46,28,3
N,55,64,43,13
N,56,55,19,13
N,57,22,10,45
N,58,61,49,7
N,59,76,13,33
N,60,76,25,47
N,61,10,13,1
N,62,52,34,41
N,63,70,28,25
N,64,4,19,3
N,65,61,10,21
N,66,4,31,7
N,67,61,46,49
N,68,97,19,37
N,69,73,7,41
N,70,91,16,13
N,71,52,16,25
N,72,91,25,17
N,73,79,34,37
N,74,7,7,31
N,75,16,4,31
N,76,7,10,31
N,77,22,31,35
N,78,73,13,11
N,79,34,37,25
N,80,22,46,13
N,81,31,22,33
N,82,67,13,5
N,83,70,13,45
N,84,22,28,1
N,85,43,4,37
N,86,88,25,43
N,87,58,49,23
N,88,46,28,7
N,89,73,49,21
N,90,52,28,1
N,91,46,13,17
N,92,46,19,27
N,93,10,34,9
N,94,22,34,3
N,95,13,22,35
N,96,55,16,5
N,97,37,34,17
N,98,67,7,25
N,99,70,7,9
N,100,91,46,15
N,101,49,40,5
N,102,67,46,23
N,103,43,22,31
N,104,73,19,27
N,105,34,19,41
N,106,88,28,9
N,107,37,13,45
N,108,79,40,41
N,109,49,16,19
N,110,88,10,17
N,111,7,28,9
N,112,25,4,11
N,113,34,13,45
N,114,13,10,7
N,115,91,28,11
N,116,25,28,5
N,117,97,40,17
N,118,70,13,35
N,119,34,34,9
N,120,43,43,13
N,121,49,34,39
N,122,67,46,17
N,123,55,16,5
N,124,10,4,49
N,125,67,16,13
N,126,55,49,17
N,127,52,7,49
N,128,4,25,41
N,129,91,7,3
N,130,94,37,1
N,131,67,10,1
N,132,49,25,9
N,133,94,16,3
N,134,67,19,49
N,135,67,4,5
N,136,4,25,11
N,137,25,28,5
N,138,88,46,3
N,139,94,10,1
N,140,64,16,45
N,141,73,7,21
N,142,22,28,11
N,143,40,22,43
N,144,31,28,9
N,145,85,16,27
N,146,28,25,17
N,147,37,40,5
N,148,91,49,29
N,149,97,34,47
N,150,10,46,29
N,151,25,22,49
N,152,73,4,37
N,153,94,40,7
N,154,79,10,5
N,155,10,28,21
N,156,70,4,37
N,157,13,16,3
N,158,64,7,19
N,159,82,4,47
N,160,16,25,41
N,161,34,10,17
N,162,94,19,11
N,163,79,13,11
N,164,37,25,21
N,165,52,43,7
N,166,88,7,7
N,167,94,13,47
N,168,70,40,1
N,169,88,28,5
N,170,70,4,39
N,171,4,40,45
N,172,55,25,33
N,173,46,28,23
N,174,88,7,21
N,175,49,16,49
N,176,67,4,31
N,177,46,4,31
N,178,73,16,41
N,179,67,31,41
N,180,34,16,11
N,181,88,19,43
N,182,91,37,41
N,183,70,7,49
N,184,94,16,21
N,185,25,46,27
N,186,82,37,49
N,187,43,37,9
N,188,43,43,49
N,189,7,4,9
N,190,16,49,41
N,191,16,13,39
N,192,79,16,5
N,193,37,22,29
N,194,25,4,25
N,195,46,49,1
N,196,94,31,9
N,197,85,25,15
N,198,19,49,29
N,199,64,49,19
N,200,70,34,21
N,201,82,46,25
N,202,70,22,31
N,203,79,31,25
N,204,43,22,37
N,205,73,4,45
N,206,10,7,9
N,207,64,31,13
N,208,73,13,47
N,209,7,37,37
N,210,10,7,37
N,211,79,13,23
N,212,85,37,43
N,213,49,10,33
N,214,37,4,19
N,215,28,13,5
N,216,46,13,29
N,217,7,43,27
N,218,73,43,11
N,219,61,31,21
N,220,55,22,31
N,221,49,7,35
N,222,73,25,17
N,223,64,7,11
N,224,82,7,31
N,225,43,4,13
N,226,85,43,47
N,227,31,13,33
N,228,94,31,27
N,229,52,40,1
N,230,85,43,27
N,231,91,13,27
N,232,91,13,27
N,233,82,10,41
N,234,22,31,25
N,235,88,40,27
N,236,7,34,47
N,237,85,19,19
N,238,79,7,17
N,239,16,25,21
N,240,16,28,41
N,241,55,34,13
N,242,7,25,15
N,243,52,43,19
N,244,64,19,13
N,245,10,34,5
N,246,16,37,27
N,247,58,7,43
N,248,73,43,3
N,249,70,40,31
N,250,67,37,19
N,251,40,49,29
N,252,10,22,5
N,253,43,37,5
N,254,76,37,33
N,255,94,37,3
N,256,55,16,49
N,257,22,31,29
N,258,19,19,49
N,259,4,25,27
N,260,91,28,17
N,261,28,19,7
N,262,79,7,45
N,263,13,16,15
N,264,46,34,45
N,265,19,34,45
N,266,25,16,37
N,267,70,16,1
N,268,4,40,19
N,269,25,13,45
N,270,34,7,23
N,271,52,37,39
N,272,16,25,21
N,273,64,46,47
N,274,10,28,19
N,275,58,43,47
N,276,52,49,35
N,277,28,49,9
N,278,70,34,35
N,279,79,40,27
N,280,67,16,13
N,281,22,43,31
N,282,43,31,43
N,283,67,16,29
N,284,19,28,23
N,285,25,40,23
N,286,37,37,25
N,287,70,13,35
N,288,67,10,43
N,289,76,28,37
N,290,49,10,47
N,291,91,25,17
N,292,76,13,35
N,293,22,22,29
N,294,37,25,9
N,295,34,46,41
N,296,55,37,39
N,297,52,19,5
N,298,13,31,9
N,299,64,7,21
N,300,82,4,45
N,301,67,31,31
N,302,19,13,17
N,303,52,43,27
N,304,13,40,11
N,305,43,28,25
N,306,31,7,27
N,307,22,16,1
N,308,70,13,41
N,309,55,37,5
N,310,61,16,15
N,311,7,16,49
N,312,64,49,13
N,313,76,28,31
N,314,88,7,47
N,315,31,37,29
N,316,70,46,19
N,317,61,28,3
N,318,31,25,41
N,319,10,10,37
N,320,34,37,39
N,321,88,16,43
N,322,64,46,9
N,323,16,7,23
N,324,58,7,17
N,325,34,46,35
N,326,7,46,43
N,327,79,46,31
N,328,7,40,49
N,329,76,22,31
N,330,31,37,33
N,331,49,25,45
N,332,82,37,19
N,333,34,19,25
N,334,34,19,31
N,335,37,19,47
N,336,4,19,39
N,337,76,28,15
N,338,91,7,23
N,339,61,16,5
N,340,91,28,45
N,341,37,22,37
N,342,88,37,19
N,343,76,37,1
N,344,43,4,17
N,345,37,10,15
N,346,34,49,45
N,347,13,28,49
N,348,25,40,13
N,349,16,40,41
N,350,64,13,29
N,351,16,13,43
N,352,34,40,33
N,353,40,49,43
N,354,79,49,39
N,355,67,37,41
N,356,7,10,33
N,357,43,31,41
N,358,58,46,45
N,359,19,7,15
N,360,79,31,37
N,361,94,13,43
N,362,70,34,11
N,363,85,4,9
N,364,88,25,21
N,365,43,10,43
N,366,16,13,11
N,367,79,4,5
N,368,85,49,3
N,369,76,10,37
N,370,10,7,1
N,371,55,40,47
N,372,31,34,35
N,373,70,19,27
N,374,16,37,41
N,375,4,28,1
N,376,49,46,5
N,377,52,43,21
N,378,55,13,29
N,379,46,13,41
N,380,19,16,13
N,381,67,31,7
N,382,31,10,49
N,383,34,4,37
N,384,55,46,47
N,385,85,49,19
N,386,64,10,5
N,387,22,43,33
N,388,76,34,29
N,389,76,19,9
N,390,85,13,3
N,391,73,28,29
N,392,70,25,15
N,393,43,22,33
N,394,88,13,5
N,395,73,7,27
N,396,34,19,17
N,397,10,4,1
N,398,46,19,39
N,399,97,46,27
N,400,79,16,33
N,401,25,43,41
N,402,19,37,43
N,403,61,10,43
N,404,34,19,33
N,405,94,49,23
N,406,4,10,37
N,407,43,22,7
N,408,34,49,9
N,409,79,25,45
N,410,61,37,23
N,411,97,37,5
N,412,88,28,33
N,413,52,40,13
N,414,85,49,47
N,415,61,43,31
N,416,70,4,19
N,417,22,28,43
N,418,82,49,49
N,419,58,22,37
N,420,4,10,25
N,421,64,49,49
N,422,49,25,43
N,423,16,10,33
N,424,67,46,21
N,425,40,7,15
N,426,34,13,21
N,427,46,40,41
N,428,37,46,37
N,429,55,40,5
N,430,46,13,19
N,431,46,46,33
N,432,85,16,3
N,433,94,49,41
N,434,7,49,7
N,435,49,31,11
N,436,40,4,39
N,437,25,19,23
N,438,70,7,47
N,439,79,10,13
N,440,34,25,21
N,441,19,10,5
N,442,55,31,5
N,443,88,4,17
N,444,52,22,49
N,445,7,25,39
N,446,10,43,43
N,447,7,28,43
N,448,67,46,43
N,449,7,40,11
N,450,73,46,9
N,451,43,40,3
N,452,34,4,19
N,453,49,25,15
N,454,22,28,15
N,455,70,10,49
N,456,67,7,15
N,457,22,46,9
N,458,82,49,29
N,459,76,43,41
N,460,49,37,33
N,461,43,34,43
N,462,19,10,1
N,463,46,31,13
N,464,43,22,49
N,465,67,49,43
N,466,22,31,1
N,467,85,7,7
N,468,25,28,37
N,469,91,25,47
N,470,4,10,13
N,471,37,4,21
N,472,79,40,49
N,473,19,25,39
N,474,22,25,43
N,475,19,34,19
N,476,25,28,23
N,477,22,19,1
N,478,64,13,47
N,479,76,40,23
N,480,82,31,17
N,481,88,22,47
N,482,97,31,7
N,483,67,13,37
N,484,40,31,23
N,485,55,49,41
N,486,76,28,11
N,487,52,40,47
N,488,52,10,43
N,489,88,4,5
N,490,16,28,3
N,491,82,49,49
N,492,22,13,15
N,493,25,7,21
N,494,49,37,29
N,495,67,46,41
N,496,46,37,33
N,497,91,4,11
N,498,76,49,35
N,499,88,19,15
N,500,22,37,27
N,501,94,37,27
N,502,7,31,43
N,503,43,7,35
N,504,67,10,1
N,505,55,43,15
N,506,97,28,7
N,507,10,25,15
N,508,4,25,21
N,509,58,46,41
N,510,34,4,49
N,511,13,16,3
N,512,22,40,5
N,513,37,40,41
N,514,43,40,17
N,515,7,43,13
N,516,10,28,43
N,517,58,10,49
N,518,52,37,47
N,519,28,46,11
N,520,13,22,39
N,521,73,4,15
N,522,7,10,21
N,523,64,37,45
N,524,28,37,39
N,525,97,7,21
N,526,4,43,17
N,527,73,46,9
N,528,94,22,27
N,529,82,13,47
N,530,67,37,41
N,531,10,43,27
N,532,79,31,13
N,533,10,31,9
N,534,67,19,11
N,535,37,4,27
N,536,7,37,19
N,537,10,31,33
N,538,19,46,35
N,539,13,19,47
N,540,94,46,11
N,541,40,16,25
N,542,4,19,45
N,543,25,31,23
N,544,49,43,19
N,545,16,4,3
N,546,10,10,37
N,547,55,4,33
N,548,58,34,21
N,549,34,49,11
N,550,88,16,43
N,551,79,28,11
N,552,91,28,43
N,553,49,10,33
N,554,25,19,17
N,555,16,37,27
N,556,52,46,39
N,557,70,4,27
N,558,31,31,29
N,559,40,43,3
N,560,22,34,47
N,561,37,28,17
N,562,91,25,3
N,563,82,46,17
N,564,49,25,23
N,565,82,10,23
N,566,82,43,19
N,567,43,40,9
N,568,79,10,17
N,569,19,25,15
N,570,73,40,7
N,571,37,43,27
N,572,61,7,5
N,573,28,13,17
N,574,91,31,3
N,575,82,25,47
N,576,43,13,9
N,577,91,34,33
N,578,43,34,23
N,579,22,25,25
N,580,52,25,13
N,581,52,46,45
N,582,55,31,1
N,583,40,37,49
N,584,88,28,35
N,585,49,31,17
N,586,70,22,21
N,587,94,31,41
N,588,4,34,41
N,589,70,22,17
N,590,91,40,17
N,591,79,25,11
N,592,25,7,43
N,593,94,7,13
N,594,79,10,35
N,595,37,4,19
N,596,13,10,39
N,597,97,7,45
N,598,85,4,25
N,599,94,4,27
N,600,55,13,7
N,601,88,4,19
N,602,70,31,47
N,603,67,19,23
N,604,82,34,49
N,605,22,37,3
N,606,55,49,35
N,607,22,22,41
N,608,61,19,43
N,609,94,7,3
N,610,82,49,7
N,611,7,19,49
N,612,76,31,41
N,613,7,37,49
N,614,46,25,41
N,615,88,25,27
N,616,28,46,19
N,617,61,4,37
N,618,52,16,47
N,619,73,43,17
N,620,19,34,13
N,621,49,10,17
N,622,73,31,43
N,623,85,37,9
N,624,82,49,39
N,625,10,37,25
N,626,37,49,41
N,627,97,46,15
N,628,64,7,9
N,629,46,25,49
N,630,97,37,39
N,631,13,37,7
N,632,4,22,49
N,633,61,19,45
N,634,16,22,15
N,635,43,13,31
N,636,4,22,39
N,637,76,7,43
N,638,64,4,39
N,639,40,49,9
N,640,91,43,25
N,641,13,16,13
N,642,58,34,13
N,643,67,19,17
N,644,82,49,13
N,645,16,46,41
N,646,61,31,49
N,647,43,49,3
N,648,76,7,1
N,649,52,16,37
N,650,13,13,5
N,651,40,22,41
N,652,19,31,1
N,653,25,31,27
N,654,94,43,39
N,655,91,10,45
N,656,64,37,21
N,657,61,43,41
N,658,64,10,19
N,659,79,49,47
N,660,82,25,7
N,661,13,31,23
N,662,85,22,25
N,663,46,43,49
N,664,76,40,3
N,665,4,16,7
N,666,19,13,41
N,667,61,43,25
N,668,40,16,15
N,669,19,31,37
N,670,52,13,17
N,671,82,43,25
N,672,4,10,25
N,673,61,28,5
N,674,91,10,17
N,675,88,19,41
N,676,70,49,5
N,677,10,40,47
N,678,49,31,45
N,679,91,28,1
N,680,94,28,5
N,681,25,37,17
N,682,46,4,35
N,683,49,7,11
N,684,76,49,31
N,685,31,40,15
N,686,7,43,21
N,687,16,49,27
N,688,55,22,37
N,689,28,43,45
N,690,28,16,15
N,691,25,49,45
N,692,61,16,3
N,693,4,7,47
N,694,88,37,13
N,695,97,4,29
N,696,73,37,29
N,697,58,19,49
N,698,4,37,27
N,699,91,28,31
N,700,79,37,33
N,701,79,37,27
N,702,94,37,17
N,703,40,13,35
N,704,46,13,5
N,705,22,49,41
N,706,16,16,37
N,707,79,7,45
N,708,82,19,11
N,709,37,43,33
N,710,37,40,37
N,711,79,13,9
N,712,79,49,31
N,713,97,40,31
N,714,31,49,25
N,715,19,10,27
N,716,46,7,13
N,717,40,49,47
N,718,97,34,23
N,719,43,19,19
N,720,25,28,11
N,721,85,37,13
N,722,82,37,19
N,723,94,7,47
N,724,73,40,7
N,725,16,7,43
N,726,46,4,9
N,727,91,31,9
N,728,94,46,41
N,729,97,46,21
N,730,19,49,43
N,731,73,49,15
N,732,22,16,5
N,733,61,4,1
N,734,31,40,19
N,735,85,25,31
N,736,55,43,39
N,737,91,25,17
N,738,61,49,39
N,739,13,4,37
N,740,10,7,27
N,741,97,46,45
N,742,58,34,29
N,743,94,49,15
N,744,13,7,7
N,745,34,10,47
N,746,52,37,41
N,747,52,10,33
N,748,34,28,49
N,749,91,22,15
N,750,13,7,49
N,751,88,37,21
N,752,73,10,7
N,753,94,40,21
N,754,70,19,41
N,755,43,25,41
N,756,85,31,21
N,757,49,49,39
N,758,10,28,49
N,759,49,40,7
N,760,67,25,23
N,761,58,31,49
N,762,31,22,23
N,763,70,4,45
N,764,82,28,31
N,765,52,28,49
N,766,85,7,17
N,767,88,34,15
N,768,94,40,23
N,769,61,19,41
N,770,10,13,31
N,771,52,10,31
N,772,34,13,19
N,773,43,19,45
N,774,73,28,3
N,775,70,19,21
N,776,76,37,15
N,777,64,46,21
N,778,91,13,31
N,779,88,7,13
N,780,7,37,27
N,781,70,40,33
N,782,67,10,43
N,783,22,19,1
N,784,79,34,37
N,785,28,19,3
N,786,16,16,29
N,787,91,37,1
N,788,52,28,21
N,789,37,28,5
N,790,88,16,13
N,791,70,7,23
N,792,85,22,3
N,793,67,7,49
N,794,61,7,21
N,795,49,13,29
N,796,22,49,35
N,797,31,37,23
N,798,88,25,43
N,799,67,7,3
N,800,46,34,25
N,801,79,37,27
N,802,55,28,25
N,803,79,49,5
N,804,58,46,19
N,805,85,46,11
N,806,76,7,1
N,807,64,37,1
N,808,79,28,5
N,809,91,46,5
N,810,25,4,17
N,811,64,49,15
N,812,46,31,5
N,813,64,40,43
N,814,43,7,45
N,815,76,43,21
N,816,10,49,5
N,817,28,43,11
N,818,73,40,49
N,819,16,4,13
N,820,16,37,31
N,821,7,49,41
N,822,4,4,5
N,823,52,40,39
N,824,40,4,45
N,825,97,34,41
N,826,13,28,23
N,827,25,19,37
N,828,22,34,43
N,829,43,16,9
N,830,82,43,41
N,831,4,13,27
N,832,19,43,23
N,833,43,37,19
N,834,40,34,21
N,835,49,13,5
N,836,40,40,5
N,837,70,43,19
N,838,64,40,1
N,839,28,4,7
N,840,13,10,29
N,841,22,19,35
N,842,28,7,45
N,843,52,34,35
N,844,28,34,31
N,845,37,49,1
N,846,40,22,5
N,847,91,13,21
N,848,34,25,17
N,849,61,13,41
N,850,64,4,1
N,851,55,16,39
N,852,28,13,25
N,853,73,43,11
N,854,49,49,27
N,855,88,49,9
N,856,46,4,21
N,857,91,13,1
N,858,40,43,23
N,859,7,40,21
N,860,22,43,23
N,861,16,49,29
N,862,88,10,3
N,863,97,40,35
N,864,94,34,17
N,865,40,16,11
N,866,58,31,15
N,867,64,40,35
N,868,61,19,25
N,869,31,40,41
N,870,46,4,9
N,871,34,22,37
N,872,40,46,1
N,873,31,31,23
N,874,82,7,9
N,875,76,49,17
N,876,43,40,7
N,877,61,28,13
N,878,31,19,45
N,879,40,37,13
N,880,67,40,19
N,881,94,34,11
N,882,67,46,31
N,883,25,40,5
N,884,70,4,7
N,885,7,37,39
N,886,64,28,15
N,887,85,40,25
N,888,43,31,17
N,889,7,49,47
N,890,88,4,5
N,891,10,40,35
N,892,61,4,5
N,893,76,13,45
N,894,94,10,43
N,895,76,25,5
N,896,61,43,11
N,897,94,46,7
N,898,16,13,37
N,899,13,7,43
N,900,22,31,17
N,901,28,34,37
N,902,34,43,33
N,903,16,10,11
N,904,28,43,25
N,905,73,34,39
N,906,76,10,17
N,907,70,49,31
N,908,79,4,3
N,909,7,40,23
N,910,34,37,19
N,911,4,46,9
N,912,88,49,25
N,913,4,22,13
N,914,16,46,37
N,915,67,10,41
N,916,37,4,21
N,917,25,31,13
N,918,4,7,13
N,919,7,43,33
N,920,79,22,25
N,921,22,43,37
N,922,55,43,21
N,923,40,46,41
N,924,82,46,47
N,925,97,37,23
N,926,91,40,7
N,927,58,19,13
N,928,13,7,13
N,929,4,46,25
N,930,7,31,37
N,931,10,49,17
N,932,58,7,23
N,933,49,46,3
N,934,37,7,13
N,935,13,25,17
N,936,82,10,3
N,937,7,19,17
N,938,31,31,17
N,939,58,10,49
N,940,61,22,47
N,941,10,49,23
N,942,10,19,5
N,943,40,43,45
N,944,37,4,15
N,945,13,49,23
N,946,73,43,45
N,947,16,43,1
N,948,73,43,3
N,949,46,7,29
N,950,55,43,1
N,951,16,22,37
N,952,31,46,27
N,953,37,16,43
N,954,76,34,47
N,955,58,22,43
N,956,28,34,21
N,957,40,31,21
N,958,31,28,27
N,959,58,40,41
N,960,70,31,31
N,961,46,10,45
N,962,64,13,43
N,963,46,7,5
N,964,70,7,33
N,965,25,28,45
N,966,7,43,29
N,967,13,34,41
N,968,7,37,1
N,969,58,7,1
N,970,97,10,17
N,971,25,31,23
N,972,67,37,47
N,973,25,34,45
N,974,79,34,33
N,975,19,13,19
N,976,22,19,47
N,977,61,4,47
N,978,13,10,23
N,979,55,4,25
N,980,64,7,35
N,981,55,34,49
N,982,10,22,27
N,983,4,19,13
N,984,88,25,41
N,985,55,22,9
N,986,91,28,45
N,987,97,16,29
N,988,16,34,1
N,989,7,13,43
N,990,25,34,29
N,991,16,10,9
N,992,4,7,29
N,993,4,25,45
N,994,25,10,29
N,995,58,40,29
N,996,4,10,23
N,997,16,22,25
N,998,10,49,37
N,999,19,49,25
N,1000,46,34,33
N,1001,28,4,25
N,1002,43,16,19
N,1003,43,31,11
N,1004,76,19,47
N,1005,40,43,43
N,1006,49,40,25
N,1007,97,40,1
N,1008,22,37,17
N,1009,46,34,3
N,1010,34,13,37
N,1011,97,46,21
N,1012,10,10,31
N,1013,58,49,39
N,1014,7,28,33
N,1015,25,28,11
N,1016,67,37,9
N,1017,4,46,49
N,1018,61,13,27
N,1019,55,13,31
N,1020,25,10,37
N,1021,28,10,25
N,1022,64,16,19
N,1023,46,4,29
N,1024,91,34,33
N,1025,76,19,43
N,1026,28,7,45
N,1027,94,25,9
N,1028,55,25,45
N,1029,46,13,5
N,1030,73,10,41
N,1031,79,40,41
N,1032,7,10,15
N,1033,97,22,43
N,1034,31,25,19
N,1035,46,25,19
N,1036,22,7,39
N,1037,73,22,11
N,1038,91,25,25
N,1039,10,49,29
N,1040,13,43,49
N,1041,73,49,49
N,1042,49,43,25
N,1043,76,40,45
N,1044,94,25,47
N,1045,40,22,7
N,1046,76,16,49
N,1047,91,7,7
N,1048,34,10,43
N,1049,58,7,37
N,1050,61,40,23
N,1051,79,40,19
N,1052,25,16,21
N,1053,19,4,11
N,1054,67,22,19
N,1055,37,13,29
N,1056,64,25,49
N,1057,85,40,15
N,1058,49,7,25
N,1059,16,49,47
N,1060,40,7,7
N,1061,19,46,41
N,1062,13,40,41
N,1063,64,34,45
N,1064,85,19,17
N,1065,40,16,21
N,1066,25,7,23
N,1067,73,10,7
N,1068,64,34,33
N,1069,61,28,31
N,1070,85,28,25
N,1071,16,49,35
N,1072,37,31,13
N,1073,13,40,1
N,1074,97,13,47
N,1075,97,40,25
N,1076,61,19,7
N,1077,19,10,7
N,1078,22,10,29
N,1079,22,25,25
N,1080,7,40,23
N,1081,61,46,49
N,1082,43,40,29
N,1083,46,34,45
N,1084,40,34,45
N,1085,46,43,47
N,1086,28,4,9
N,1087,58,10,15
N,1088,43,40,45
N,1089,76,13,37
N,1090,64,28,9
N,1091,79,31,35
N,1092,88,16,41
N,1093,52,37,39
N,1094,88,16,23
N,1095,49,13,21
N,1096,31,16,33
N,1097,31,37,13
N,1098,67,40,31
N,1099,31,31,41
N,1100,70,34,9
N,1101,64,22,19
N,1102,52,43,31
N,1103,4,25,7
N,1104,52,22,27
N,1105,73,28,1
N,1106,34,22,41
N,1107,40,46,37
N,1108,49,31,17
N,1109,19,37,11
N,1110,70,4,43
N,1111,43,34,25
N,1112,25,49,3
N,1113,76,40,41
N,1114,82,10,31
N,1115,46,19,3
N,1116,91,34,25
N,1117,31,25,9
N,1118,52,16,45
N,1119,28,19,17
N,1120,85,19,11
N,1121,91,4,13
N,1122,31,40,23
N,1123,97,43,29
N,1124,85,31,41
N,1125,85,43,13
N,1126,25,10,41
N,1127,97,40,9
N,1128,79,4,15
N,1129,22,10,29
N,1130,28,13,29
N,1131,4,25,49
N,1132,64,28,33
N,1133,4,22,7
N,1134,97,49,17
N,1135,22,10,29
N,1136,19,25,15
N,1137,55,16,13
N,1138,94,7,13
N,1139,88,25,13
N,1140,58,49,17
N,1141,64,19,47
N,1142,73,16,33
N,1143,55,40,47
N,1144,28,4,37
N,1145,28,13,5
N,1146,40,19,45
N,1147,73,19,41
N,1148,25,4,25
N,1149,40,4,37
N,1150,64,19,5
N,1151,22,49,11
N,1152,22,40,13
N,1153,7,4,37
N,1154,64,19,43
N,1155,4,22,21
N,1156,94,7,23
N,1157,97,34,31
N,1158,94,40,23
N,1159,28,34,23
N,1160,70,7,33
N,1161,31,31,31
N,1162,37,34,17
N,1163,64,13,11
N,1164,64,37,47
N,1165,73,16,17
N,1166,58,37,1
N,1167,37,4,19
N,1168,31,28,13
N,1169,22,19,21
N,1170,79,43,49
N,1171,94,22,3
N,1172,94,40,5
N,1173,7,34,33
N,1174,94,31,35
N,1175,10,40,15
N,1176,76,7,1
N,1177,58,40,27
N,1178,28,28,35
N,1179,82,37,19
N,1180,43,16,11
N,1181,43,4,7
N,1182,85,46,13
N,1183,49,43,19
N,1184,46,49,7
N,1185,97,34,25
N,1186,31,22,21
N,1187,58,7,21
N,1188,19,10,23
N,1189,22,37,23
N,1190,49,13,35
N,1191,73,28,9
N,1192,82,13,29
N,1193,82,25,15
N,1194,52,49,17
N,1195,16,49,25
N,1196,28,49,47
N,1197,73,28,47
N,1198,43,7,47
N,1199,67,40,5
N,1200,13,25,39
N,1201,61,25,23
N,1202,55,4,17
N,1203,43,13,21
N,1204,31,10,23
N,1205,64,4,29
N,1206,85,40,37
N,1207,73,49,29
N,1208,73,37,31
N,1209,4,49,25
N,1210,91,49,15
N,1211,88,22,35
N,1212,94,34,47
N,1213,55,37,29
N,1214,79,34,29
N,1215,91,22,17
N,1216,16,4,35
N,1217,31,49,35
N,1218,13,7,41
N,1219,91,43,25
N,1220,73,10,35
N,1221,88,7,1
N,1222,4,25,15
N,1223,67,4,45
N,1224,91,34,41
N,1225,76,7,33
N,1226,55,37,41
N,1227,4,31,5
N,1228,67,16,13
N,1229,70,28,45
N,1230,4,4,47
N,1231,34,25,1
N,1232,19,43,41
N,1233,43,40,11
N,1234,34,43,3
N,1235,34,28,35
N,1236,82,7,9
N,1237,52,49,7
N,1238,16,4,37
N,1239,28,7,35
N,1240,91,25,19
N,1241,13,13,43
N,1242,16,49,13
N,1243,43,7,19
N,1244,46,34,33
N,1245,73,13,49
N,1246,13,4,23
N,1247,82,34,19
N,1248,64,10,49
N,1249,94,16,13
N,1250,76,7,37
N,1251,97,28,39
N,1252,73,25,15
N,1253,97,7,11
N,1254,28,4,41
N,1255,91,19,29
N,1256,31,37,27
N,1257,94,40,35
N,1258,34,22,9
N,1259,25,7,43
N,1260,82,34,31
N,1261,13,34,27
N,1262,31,49,17
N,1263,73,16,7
N,1264,46,28,3
N,1265,28,40,27
N,1266,76,49,21
N,1267,19,7,37
N,1268,58,19,45
N,1269,46,13,5
N,1270,82,40,19
N,1271,73,13,43
N,1272,13,37,43
N,1273,85,31,41
N,1274,94,25,1
N,1275,37,13,17
N,1276,73,10,5
N,1277,7,13,45
N,1278,85,37,15
N,1279,49,34,9
N,1280,55,4,5
N,1281,43,13,49
N,1282,85,43,41
N,1283,61,28,49
N,1284,10,16,27
N,1285,10,28,45
N,1286,67,10,11
N,1287,31,13,25
N,1288,25,31,25
N,1289,52,16,29
N,1290,43,19,27
N,1291,19,37,9
N,1292,25,40,37
N,1293,22,16,17
N,1294,10,43,19
N,1295,37,31,43
N,1296,40,16,29
N,1297,40,40,15
N,1298,13,34,13
N,1299,82,37,25
N,1300,4,10,21
N,1301,64,10,37
N,1302,4,37,23
N,1303,85,34,15
N,1304,61,13,47
N,1305,88,31,25
N,1306,55,31,19
N,1307,4,37,41
N,1308,43,40,17
N,1309,40,49,9
N,1310,10,16,19
N,1311,61,10,1
N,1312,46,46,45
N,1313,76,40,3
N,1314,13,31,11
N,1315,40,25,13
N,1316,97,4,41
N,1317,43,28,13
N,1318,28,19,39
N,1319,82,16,49
N,1320,31,46,37
N,1321,82,31,19
N,1322,52,31,23
N,1323,25,37,35
N,1324,73,34,41
N,1325,40,34,25
N,1326,43,40,3
N,1327,4,46,1
N,1328,43,31,9
N,1329,79,19,5
N,1330,31,43,5
N,1331,25,43,11
N,1332,43,25,35
N,1333,16,25,13
N,1334,88,43,39
N,1335,22,46,11
N,1336,67,7,27
N,1337,67,16,11
N,1338,7,25,11
N,1339,13,43,23
N,1340,10,16,9
N,1341,97,4,19
N,1342,49,16,21
N,1343,13,4,21
N,1344,28,19,1
N,1345,37,10,1
N,1346,61,43,23
N,1347,58,16,25
N,1348,4,25,1
N,1349,49,49,13
N,1350,97,25,25
N,1351,22,16,49
N,1352,64,16,41
N,1353,34,19,1
N,1354,79,4,11
N,1355,79,16,5
N,1356,73,37,5
N,1357,19,13,37
N,1358,40,34,49
N,1359,43,7,27
N,1360,82,4,11
N,1361,13,40,31
N,1362,37,43,25
N,1363,88,37,41
N,1364,82,28,43
N,1365,67,49,21
N,1366,73,34,5
N,1367,88,13,11
N,1368,73,49,25
N,1369,55,25,7
N,1370,49,13,23
N,1371,16,25,19
N,1372,46,31,13
N,1373,16,34,7
N,1374,34,46,47
N,1375,76,22,33
N,1376,55,4,15
N,1377,40,40,5
N,1378,79,28,23
N,1379,94,19,11
N,1380,58,13,9
N,1381,73,22,23
N,1382,46,46,3
N,1383,7,25,25
N,1384,40,7,9
N,1385,13,7,17
N,1386,67,7,37
N,1387,94,10,37
N,1388,28,4,41
N,1389,85,31,47
N,1390,94,10,33
N,1391,61,7,25
N,1392,4,28,31
N,1393,25,10,1
N,1394,82,28,27
N,1395,70,37,13
N,1396,22,10,35
N,1397,79,10,23
N,1398,43,10,5
N,1399,94,4,25
N,1400,13,22,39
N,1401,73,10,23
N,1402,85,46,43
N,1403,73,43,5
N,1404,85,22,9
N,1405,16,25,13
N,1406,55,22,47
N,1407,46,31,23
N,1408,70,43,7
N,1409,52,10,11
N,1410,49,25,33
N,1411,85,7,15
N,1412,55,28,13
N,1413,94,46,35
N,1414,94,31,31
N,1415,22,40,29
N,1416,31,31,33
N,1417,46,16,15
N,1418,79,40,47
N,1419,31,49,47
N,1420,79,28,41
N,1421,58,16,35
N,1422,91,7,19
N,1423,85,13,37
N,1424,7,19,35
N,1425,61,13,1
N,1426,79,37,33
N,1427,34,7,15
N,1428,13,34,17
N,1429,49,49,27
N,1430,52,34,33
N,1431,40,13,9
N,1432,97,16,9
N,1433,46,40,7
N,1434,37,40,13
N,1435,31,46,29
N,1436,73,7,27
N,1437,37,40,1
N,1438,79,25,37
N,1439,85,22,1
N,1440,25,25,47
N,1441,4,19,17
N,1442,61,40,43
N,1443,43,49,33
N,1444,85,43,49
N,1445,94,19,7
N,1446,76,16,29
N,1447,61,31,11
N,1448,70,4,43
N,1449,52,34,35
N,1450,73,25,35
N,1451,49,19,25
N,1452,94,31,1
N,1453,49,43,43
N,1454,55,28,27
N,1455,64,16,15
N,1456,97,16,25
N,1457,97,46,29
N,1458,91,34,7
N,1459,76,40,27
N,1460,16,31,29
N,1461,22,31,33
N,1462,19,19,19
N,1463,16,43,47
N,1464,43,46,11
N,1465,85,22,43
N,1466,58,43,3
N,1467,28,7,11
N,1468,61,22,35
N,1469,94,19,13
N,1470,76,25,35
N,1471,64,22,27
N,1472,37,22,13
N,1473,49,7,17
N,1474,85,25,45
N,1475,67,37,39
N,1476,43,46,13
N,1477,97,13,11
N,1478,67,19,1
N,1479,73,31,31
N,1480,70,16,17
N,1481,43,16,1
N,1482,49,22,45
N,1483,73,10,27
N,1484,67,7,39
N,1485,73,13,7
N,1486,55,28,29
N,1487,49,13,41
N,1488,76,31,35
N,1489,10,13,21
N,1490,79,43,23
N,1491,55,19,17
N,1492,40,31,41
N,1493,40,13,31
N,1494,19,4,49
N,1495,43,28,41
N,1496,94,22,13
N,1497,58,25,25
N,1498,25,16,1
N,1499,88,40,15
N,1500,79,19,19
N,1501,16,49,37
N,1502,43,13,17
N,1503,64,28,5
N,1504,55,34,27
N,1505,37,16,29
N,1506,64,19,39
N,1507,73,46,27
N,1508,88,22,1
N,1509,91,34,27
N,1510,19,19,31
N,1511,40,28,39
N,1512,52,46,43
N,1513,25,34,25
N,1514,28,49,25
N,1515,22,37,29
N,1516,58,16,39
N,1517,40,31,37
N,1518,55,4,1
N,1519,52,46,15
N,1520,49,43,1
N,1521,64,43,13
N,1522,73,28,37
N,1523,43,28,25
N,1524,49,19,27
N,1525,22,40,37
N,1526,16,46,35
N,1527,10,7,25
N,1528,79,4,41
N,1529,97,22,31
N,1530,25,25,5
N,1531,10,28,19
N,1532,67,10,47
N,1533,43,31,1
N,1534,76,16,33
N,1535,46,25,21
N,1536,76,43,17
N,1537,61,28,29
N,1538,91,28,17
N,1539,25,10,27
N,1540,97,43,45
N,1541,61,7,47
N,1542,37,16,49
N,1543,28,19,13
N,1544,31,28,39
N,1545,82,31,5
N,1546,22,46,7
N,1547,91,37,31
N,1548,64,7,49
N,1549,73,34,3
N,1550,85,7,29
N,1551,55,19,15
N,1552,37,13,17
N,1553,79,25,3
N,1554,88,22,13
N,1555,91,31,25
N,1556,25,37,47
N,1557,16,40,29
N,1558,97,37,43
N,1559,13,10,19
N,1560,55,37,43
N,1561,88,10,41
N,1562,13,10,13
N,1563,25,13,35
N,1564,52,7,21
N,1565,97,43,39
N,1566,88,46,45
N,1567,70,37,49
N,1568,40,25,43
N,1569,73,22,47
N,1570,79,4,31
N,1571,37,7,35
N,1572,25,46,7
N,1573,52,31,5
N,1574,97,4,47
N,1575,40,28,13
N,1576,97,13,47
N,1577,88,16,29
N,1578,67,34,17
N,1579,70,25,15
N,1580,16,49,45
N,1581,79,46,11
N,1582,40,34,31
N,1583,28,34,17
N,1584,94,10,39
N,1585,55,16,45
N,1586,79,19,47
N,1587,97,34,33
N,1588,4,28,3
N,1589,91,25,21
N,1590,70,46,39
N,1591,13,10,17
N,1592,37,34,33
N,1593,52,7,11
N,1594,64,37,21
N,1595,7,4,43
N,1596,85,49,33
N,1597,4,13,43
N,1598,97,22,29
N,1599,64,49,37
N,1600,31,28,33
N,1601,94,46,15
N,1602,79,34,17
N,1603,79,22,31
N,1604,76,43,43
N,1605,67,37,9
N,1606,22,7,7
N,1607,88,16,29
N,1608,28,19,13
N,1609,61,43,7
N,1610,94,13,25
N,1611,49,46,41
N,1612,61,40,41
N,1613,64,49,17
N,1614,55,7,5
N,1615,19,25,7
N,1616,94,13,3
N,1617,25,46,9
N,1618,25,37,39
N,1619,10,16,5
N,1620,64,34,13
N,1621,16,16,1
N,1622,70,37,21
N,1623,94,25,47
N,1624,85,19,31
N,1625,34,19,19
N,1626,70,25,31
N,1627,40,43,45
N,1628,55,28,31
N,1629,79,19,17
N,1630,10,16,17
N,1631,34,43,11
N,1632,97,49,25
N,1633,13,37,37
N,1634,73,49,33
N,1635,79,19,41
N,1636,4,28,23
N,1637,58,19,37
N,1638,28,19,37
N,1639,19,7,21
N,1640,10,46,3
N,1641,10,43,29
N,1642,25,25,13
N,1643,85,49,11
N,1644,46,34,31
N,1645,79,34,7
N,1646,31,40,5
N,1647,19,22,9
N,1648,67,49,11
N,1649,34,7,49
N,1650,52,22,45
N,1651,16,16,27
N,1652,34,31,15
N,1653,10,31,15
N,1654,22,40,33
N,1655,64,4,35
N,1656,10,10,27
N,1657,19,16,27
N,1658,16,4,39
N,1659,91,13,21
N,1660,43,34,13
N,1661,58,40,47
N,1662,4,19,39
N,1663,55,7,15
N,1664,46,34,7
N,1665,31,43,17
N,1666,7,13,31
N,1667,49,25,3
N,1668,64,40,49
N,1669,49,25,31
N,1670,25,10,9
N,1671,10,19,47
N,1672,25,10,11
N,1673,31,13,23
N,1674,67,37,45
N,1675,52,16,5
N,1676,64,16,31
N,1677,40,49,29
N,1678,16,31,17
N,1679,46,49,39
N,1680,73,16,37
N,1681,34,22,31
N,1682,28,13,45
N,1683,91,40,41
N,1684,91,25,11
N,1685,55,37,5
N,1686,79,40,1
N,1687,19,49,1
N,1688,43,10,3
N,1689,61,7,27
N,1690,43,16,43
N,1691,22,34,21
N,1692,64,16,47
N,1693,19,34,23
N,1694,49,10,29
N,1695,28,22,7
N,1696,28,4,1
N,1697,13,37,13
N,1698,73,13,3
N,1699,79,22,35
N,1700,40,28,21
N,1701,4,37,29
N,1702,43,4,9
N,1703,25,19,31
N,1704,22,13,7
N,1705,4,46,9
N,1706,58,40,15
N,1707,58,40,11
N,1708,58,13,3
N,1709,73,4,15
N,1710,28,22,1
N,1711,28,22,5
N,1712,16,22,47
N,1713,88,37,7
N,1714,46,25,37
N,1715,55,7,15
N,1716,7,7,7
N,1717,94,16,35
N,1718,55,46,5
N,1719,49,46,31
N,1720,76,37,37
N,1721,16,40,5
N,1722,67,16,37
N,1723,43,37,37
N,1724,22,37,23
N,1725,40,49,13
N,1726,85,43,27
N,1727,61,37,5
N,1728,73,19,45
N,1729,25,13,15
N,1730,97,10,29
N,1731,7,16,47
N,1732,40,28,49
N,1733,22,40,21
N,1734,4,49,47
N,1735,7,13,13
N,1736,46,7,21
N,1737,76,34,13
N,1738,46,40,9
N,1739,85,34,29
N,1740,52,25,11
N,1741,70,43,13
N,1742,67,40,29
N,1743,79,37,41
N,1744,28,49,33
N,1745,73,40,17
N,1746,34,22,13
N,1747,40,19,1
N,1748,13,31,37
N,1749,10,25,3
N,1750,13,37,3
N,1751,49,49,49
N,1752,64,19,15
N,1753,55,7,1
N,1754,13,10,23
N,1755,28,7,11
N,1756,94,34,5
N,1757,64,43,43
N,1758,70,13,29
N,1759,4,7,15
N,1760,31,25,29
N,1761,16,43,17
N,1762,28,16,11
N,1763,40,37,29
N,1764,55,37,19
N,1765,52,28,11
N,1766,10,7,27
N,1767,61,43,7
N,1768,64,49,19
N,1769,91,13,47
N,1770,13,25,23
N,1771,34,10,1
N,1772,40,40,29
N,1773,37,49,47
N,1774,25,25,45
N,1775,22,4,43
N,1776,85,37,41
N,1777,28,31,47
N,1778,49,37,41
N,1779,7,28,31
N,1780,4,28,21
N,1781,76,16,25
N,1782,25,34,33
N,1783,7,22,11
N,1784,97,31,47
N,1785,67,31,49
N,1786,85,28,1
N,1787,22,40,39
N,1788,76,16,5
N,1789,85,40,23
N,1790,22,4,45
N,1791,67,43,31
N,1792,34,49,37
N,1793,64,46,17
N,1794,58,46,33
N,1795,7,43,1
N,1796,7,49,15
N,1797,19,22,17
N,1798,49,10,35
N,1799,55,37,29
N,1800,76,49,27
N,1801,91,31,1
N,1802,76,19,33
N,1803,34,46,35
N,1804,88,22,9
N,1805,97,49,13
N,1806,16,4,7
N,1807,85,22,19
N,1808,55,40,41
N,1809,43,19,35
N,1810,7,25,41
N,1811,43,28,49
N,1812,67,31,11
N,1813,73,46,19
N,1814,19,7,43
N,1815,82,46,37
N,1816,37,34,1
N,1817,13,34,49
N,1818,34,34,49
N,1819,40,34,13
N,1820,55,31,45
N,1821,4,34,7
N,1822,97,19,35
N,1823,4,22,39
N,1824,94,25,19
N,1825,13,31,35
N,1826,97,13,23
N,1827,34,22,33
N,1828,61,4,1
N,1829,19,40,47
N,1830,16,28,25
N,1831,28,31,13
N,1832,31,37,19
N,1833,64,19,41
N,1834,22,49,33
N,1835,46,31,45
N,1836,73,37,17
N,1837,64,13,49
N,1838,58,4,3
N,1839,82,49,23
N,1840,55,37,35
N,1841,28,40,5
N,1842,4,49,31
N,1843,46,25,15
N,1844,28,37,47
N,1845,82,10,15
N,1846,4,7,23
N,1847,91,16,37
N,1848,19,25,3
N,1849,55,19,33
N,1850,10,46,13
N,1851,91,25,23
N,1852,7,43,33
N,1853,97,16,37
N,1854,70,16,35
N,1855,85,19,5
N,1856,31,49,21
N,1857,10,46,27
N,1858,58,4,47
N,1859,40,34,27
N,1860,49,25,5
N,1861,40,43,43
N,1862,82,22,23
N,1863,25,49,23
N,1864,7,7,29
N,1865,13,40,39
N,1866,46,40,11
N,1867,97,46,15
N,1868,91,7,13
N,1869,67,43,47
N,1870,13,49,15
N,1871,7,37,23
N,1872,76,10,35
N,1873,64,43,7
N,1874,85,31,5
N,1875,79,7,49
N,1876,19,31,9
N,1877,13,49,37
N,1878,64,7,25
N,1879,25,22,19
N,1880,70,7,47
N,1881,67,34,23
N,1882,34,4,19
N,1883,94,22,25
N,1884,88,37,21
N,1885,85,31,33
N,1886,19,22,47
N,1887,43,37,35
N,1888,22,28,33
N,1889,70,46,19
N,1890,22,19,35
N,1891,34,10,37
N,1892,94,10,15
N,1893,88,10,33
N,1894,13,13,15
N,1895,43,25,7
N,1896,82,46,17
N,1897,91,7,31
N,1898,64,46,25
N,1899,76,16,13
N,1900,28,19,25
N,1901,31,19,31
N,1902,52,49,47
N,1903,79,13,7
N,1904,37,43,43
N,1905,28,25,39
N,1906,40,28,15
N,1907,37,19,41
N,1908,97,31,23
N,1909,31,34,33
N,1910,91,37,37
N,1911,10,7,23
N,1912,76,28,41
N,1913,46,22,3
N,1914,13,37,47
N,1915,76,37,27
N,1916,73,10,35
N,1917,52,22,5
N,1918,88,13,23
N,1919,91,25,27
N,1920,79,40,35
N,1921,82,25,47
N,1922,34,10,21
N,1923,70,28,3
N,1924,58,34,45
N,1925,76,49,29
N,1926,67,37,47
N,1927,34,40,47
N,1928,97,7,37
N,1929,67,43,35
N,1930,28,31,3
N,1931,97,49,43
N,1932,25,31,35
N,1933,73,49,33
N,1934,52,4,19
N,1935,10,7,23
N,1936,31,22,39
N,1937,31,22,35
N,1938,46,4,1
N,1939,94,4,31
N,1940,25,28,7
N,1941,70,10,3
N,1942,94,37,31
N,1943,91,10,27
N,1944,13,10,9
N,1945,19,25,33
N,1946,49,46,3
N,1947,64,7,37
N,1948,97,16,41
N,1949,82,37,39
N,1950,16,37,7
N,1951,76,31,39
N,1952,94,7,7
N,1953,82,37,29
N,1954,94,46,9
N,1955,31,16,7
N,1956,58,37,11
N,1957,10,28,35
N,1958,37,22,17
N,1959,25,22,19
N,1960,34,19,45
N,1961,22,34,13
N,1962,70,16,17
N,1963,43,16,37
N,1964,82,28,35
N,1965,97,10,15
N,1966,58,49,41
N,1967,43,31,45
N,1968,85,28,1
N,1969,73,19,47
N,1970,64,34,29
N,1971,91,31,31
N,1972,25,7,9
N,1973,34,10,39
N,1974,79,19,39
N,1975,85,43,41
N,1976,94,28,25
N,1977,7,34,43
N,1978,76,19,5
N,1979,19,7,39
N,1980,7,40,3
N,1981,37,28,11
N,1982,10,49,45
N,1983,19,10,1
N,1984,28,28,37
N,1985,40,40,33
N,1986,97,13,37
N,1987,34,49,45
N,1988,58,28,7
N,1989,79,22,25
N,1990,28,43,19
N,1991,22,34,21
N,1992,58,10,49
N,1993,7,34,5
N,1994,28,34,27
N,1995,58,31,35
N,1996,79,31,29
N,1997,43,34,29
N,1998,73,46,19
N,1999,70,43,23
